  0.0000    1    0.250   1.0000          evt1
  0.2500    0    1.750   1.0000          NULL 
  2.0000    1    0.250   1.0000          evt1
  2.2500    0    1.750   1.0000          NULL 
  4.0000    1    0.250   1.0000          evt1
  4.2500    0    3.750   1.0000          NULL 
  8.0000    1    0.250   1.0000          evt1
  8.2500    0    3.750   1.0000          NULL 
 12.0000    1    0.250   1.0000          evt1
 12.2500    0    5.750   1.0000          NULL 
 18.0000    1    0.250   1.0000          evt1
 18.2500    0    2.750   1.0000          NULL 
 21.0000    1    0.250   1.0000          evt1
 21.2500    0    1.750   1.0000          NULL 
 23.0000    1    0.250   1.0000          evt1
 23.2500    0    5.750   1.0000          NULL 
 29.0000    1    0.250   1.0000          evt1
 29.2500    0    4.750   1.0000          NULL 
 34.0000    1    0.250   1.0000          evt1
 34.2500    0    1.750   1.0000          NULL 
 36.0000    1    0.250   1.0000          evt1
 36.2500    0    6.750   1.0000          NULL 
 43.0000    1    0.250   1.0000          evt1
 43.2500    0    3.750   1.0000          NULL 
 47.0000    1    0.250   1.0000          evt1
 47.2500    0    5.750   1.0000          NULL 
