0.0000 0.500 1
4.5000 0.500 1
6.6000 0.500 1
16.0000 0.500 1
29.7001 0.500 1
36.7000 0.500 1
37.8000 0.500 1
41.5000 0.500 1
45.5999 0.500 1
55.0998 0.500 1
61.0997 0.500 1
62.4997 0.500 1
63.5997 0.500 1
71.4996 0.500 1
74.8996 0.500 1
81.5995 0.500 1
85.2994 0.500 1
93.5993 0.500 1
95.5993 0.500 1
101.8992 0.500 1
104.8992 0.500 1
107.1992 0.500 1
109.1992 0.500 1
113.6991 0.500 1
114.7991 0.500 1
123.2990 0.500 1
125.8990 0.500 1
127.5990 0.500 1
129.0990 0.500 1
131.9991 0.500 1
142.6997 0.500 1
144.0997 0.500 1
148.2999 0.500 1
153.4002 0.500 1
168.5010 0.500 1
