0.0000 0.500 1
5.1000 0.500 1
7.2000 0.500 1
17.4000 0.500 1
20.6000 0.500 1
25.0001 0.500 1
35.4000 0.500 1
37.2000 0.500 1
41.7000 0.500 1
48.7999 0.500 1
51.6998 0.500 1
52.8998 0.500 1
56.1998 0.500 1
61.3997 0.500 1
63.4997 0.500 1
67.7997 0.500 1
72.6996 0.500 1
80.5995 0.500 1
83.9995 0.500 1
90.9994 0.500 1
91.9994 0.500 1
93.6994 0.500 1
99.8993 0.500 1
104.4992 0.500 1
111.1991 0.500 1
115.7991 0.500 1
120.5990 0.500 1
127.2989 0.500 1
134.9994 0.500 1
142.7998 0.500 1
143.8998 0.500 1
146.0999 0.500 1
153.8003 0.500 1
155.5003 0.500 1
160.0005 0.500 1
